00111100000000010000000000000000
00110100001010000000000000000001
00111100000000010000000000000000
00110100001010010000000000000010
00111100000000010000000000000000
00110100001010100000000000000011
00111100000000010000000000000000
00110100001010110000000000000100
00111100000000010000000000000000
00110100001011000000000000000101
00001100000000000000000000010001
00000000010000001000000000100000
00001100000000000000000000100000
00000000010000001000100000100000
00001100000000000000000000101111
00000000010000001001000000100000
00001000000000000000000000111000
00000001000000000110100000100000
00000001001011010111000000101010
00010001110000000000000000010101
00000001001000000110100000100000
00000001010011010111000000101010
00010001110000000000000000011000
00000001010000000110100000100000
00000001011011010111000000101010
00010001110000000000000000011011
00000001011000000110100000100000
00000001100011010111000000101010
00010001110000000000000000011110
00000001100000000110100000100000
00000001101000000001000000100000
00000011111000000000000000001000
00000001000000000110100000100000
00000001101010010111000000101010
00010001110000000000000000100100
00000001001000000110100000100000
00000001101010100111000000101010
00010001110000000000000000100111
00000001010000000110100000100000
00000001101010110111000000101010
00010001110000000000000000101010
00000001011000000110100000100000
00000001101011000111000000101010
00010001110000000000000000101101
00000001100000000110100000100000
00000001101000000001000000100000
00000011111000000000000000001000
00000001000010010111100000100000
00000001111010100111100000100000
00000001111010110111100000100000
00000001111011000111100000100000
00111100000000010000000000000000
00110100001110000000000000000101
00000001111110000000000000011010
00000000000000000001000000010010
00000011111000000000000000001000
00000000000000000000000000000000
